# This file may be used to create an environment using:
# $ conda create --name <env> --file <this file>
# platform: win-64
# created-by: conda 24.11.3
annotated-types=0.7.0=pypi_0
anyio=4.11.0=pypi_0
bzip2=1.0.8=h2bbff1b_6
ca-certificates=2025.11.4=haa95532_0
certifi=2025.11.12=pypi_0
contourpy=1.3.2=pypi_0
cycler=0.12.1=pypi_0
exceptiongroup=1.3.1=pypi_0
expat=2.7.3=h9214b88_0
fonttools=4.60.1=pypi_0
h11=0.16.0=pypi_0
httpcore=1.0.9=pypi_0
httpx=0.28.1=pypi_0
idna=3.11=pypi_0
imageio=2.37.2=pypi_0
joblib=1.5.2=pypi_0
kiwisolver=1.4.9=pypi_0
lazy-loader=0.4=pypi_0
libffi=3.4.4=hd77b12b_1
libzlib=1.3.1=h02ab6af_0
matplotlib=3.10.7=pypi_0
networkx=3.4.2=pypi_0
numpy=2.2.6=pypi_0
ollama=0.6.1=pypi_0
openssl=3.0.18=h543e019_0
packaging=25.0=pypi_0
pandas=2.3.3=pypi_0
pillow=12.0.0=pypi_0
pip=25.3=pyhc872135_0
pydantic=2.12.4=pypi_0
pydantic-core=2.41.5=pypi_0
pyparsing=3.2.5=pypi_0
python=3.10.19=h981015d_0
python-dateutil=2.9.0.post0=pypi_0
pytz=2025.2=pypi_0
scikit-image=0.25.2=pypi_0
scikit-learn=1.7.2=pypi_0
scipy=1.15.3=pypi_0
setuptools=80.9.0=py310haa95532_0
six=1.17.0=pypi_0
sniffio=1.3.1=pypi_0
sqlite=3.51.0=hda9a48d_0
threadpoolctl=3.6.0=pypi_0
tifffile=2025.5.10=pypi_0
tk=8.6.15=hf199647_0
typing-extensions=4.15.0=pypi_0
typing-inspection=0.4.2=pypi_0
tzdata=2025.2=pypi_0
ucrt=10.0.22621.0=haa95532_0
vc=14.3=h2df5915_10
vc14_runtime=14.44.35208=h4927774_10
vs2015_runtime=14.44.35208=ha6b5a95_10
wheel=0.45.1=py310haa95532_0
xz=5.6.4=h4754444_1
zlib=1.3.1=h02ab6af_0
